0 1
0 2
0 4
0 5
0 20
1 0
1 2
1 21
1 6
5 0
5 9
5 10
5 6
2 1
2 3
2 22
2 7
6 1
6 11
6 5
6 7
3 8
3 2
3 4
3 23
7 8
7 2
7 12
7 6
4 0
4 9
4 3
4 24
8 9
8 3
8 13
8 7
9 8
9 4
9 5
9 14
10 11
10 5
10 14
10 15
11 16
11 10
11 12
11 6
12 17
12 11
12 13
12 7
13 8
13 18
13 12
13 14
14 9
14 10
14 19
14 13
15 16
15 10
15 19
15 20
16 17
16 11
16 21
16 15
17 16
17 18
17 12
17 22
18 17
18 19
18 13
18 23
19 24
19 18
19 14
19 15
20 0
20 24
20 21
20 15
21 16
21 1
21 20
21 22
22 17
22 2
22 21
22 23
23 24
23 18
23 3
23 22
24 19
24 20
24 4
24 23
